Asynchronous Download (Browser and Node.js), Using fetch


blob:nodedata:ae7d6fb8-aa79-43cf-9af6-ec7e83447701

Binary data (Uint8Array): Uint8Array(962901) [
   71,  73,  70,  56,  57,  97,  94,   1, 197,   0, 255,  10,
    0, 132, 137, 122, 199, 213, 216,  16,  77,   6,   8,  49,
    4, 114, 119, 106, 124, 131, 116, 139, 146, 131, 181, 199,
  203,   3,  13,   3, 148, 153, 137, 236, 243, 244, 187, 205,
  209, 137, 141, 129, 165, 168, 152, 194, 205, 210, 171, 195,
  198, 101, 106,  90, 129, 125, 114, 209, 220, 225, 168, 188,
  194,  45, 111,  15,  40,  84,  16,  24, 106,   7, 163, 183,
  187, 177, 189, 197, 135, 165, 170,  50, 141,  12, 180, 183,
  168, 187, 210, 211,
  ... 962801 more items
]
Error: RangeError: Maximum call stack size exceeded
